PADDLE 540.792 440
BALL 632 264.924 -200 250
BLOCKS_COUNT 39
54.1667 62.5 3
160.5 62.5 3
266.833 62.5 3
373.167 62.5 3
479.5 62.5 3
585.833 62.5 3
54.1667 89.5 2
160.5 89.5 2
266.833 89.5 2
373.167 89.5 2
479.5 89.5 2
585.833 89.5 2
54.1667 116.5 2
160.5 116.5 2
266.833 116.5 2
373.167 116.5 2
479.5 116.5 2
585.833 116.5 2
54.1667 143.5 1
160.5 143.5 1
266.833 143.5 1
373.167 143.5 1
479.5 143.5 1
585.833 143.5 1
54.1667 170.5 1
160.5 170.5 1
266.833 170.5 1
373.167 170.5 1
479.5 170.5 1
585.833 170.5 1
54.1667 197.5 1
160.5 197.5 1
266.833 197.5 1
373.167 197.5 1
479.5 197.5 1
585.833 197.5 1
54.1667 224.5 1
160.5 224.5 1
479.5 224.5 1
